0.00344849
2.11034
2.4069
2.70689
3.0069
3.30689
3.6069
3.90689
4.20345
4.50345
4.80345
5.10345
5.40345
5.70345
6
6.3
6.6
6.9
7.2
7.5
7.79655
8.09655
8.39655
8.69655
8.99655
10.2552
11.5379
12.8207
14.1034
15.3828
16.6655
17.9483
19.231
20.5138
21.7931
23.0759
24.3586
25.6414
26.9207
28.2034
29.4862
30.769
32.0483
33.331
34.6138
35.8966
37.1759
38.4586
39.7414
41.0241
42.3034
43.5862
44.869
46.1517
47.431
48.7138
49.9965
51.2793
52.5586
53.8414
55.1241
56.4035
57.6862
58.969
60.2483
61.531
62.8103
64.0931
65.3759
66.6552
67.9379
69.2172
70.5
71.7793
73.0586
74.3414
75.6207
76.9
78.1793
79.4586
80.7345
82.0138
83.2897
84.5621
85.8345
87.1069
88.3724
89.6345
90.8862
92.131
93.3517
94.5414
95.6759
96.7172
97.6103
98.3103
98.8207
99.1862
99.4448
99.6414
