led_bas_12 lum 12.5 16 12.5 28.29 50.66 65.79 65.79 65.79 32.89 100 100 74.34 32.89 32.89 0 0 0 0;
led_bas_11 lum 12.5 16 12.5 28.29 50.66 65.79 65.79 65.79 32.89 100 100 74.34 32.89 32.89 0 0 0 0;
led_bas_10 lum 12.5 16 12.5 28.29 50.66 65.79 65.79 65.79 32.89 100 100 74.34 32.89 32.89 0 0 0 0;
led_bas_9 lum 12.5 16 12.5 28.29 50.66 65.79 65.79 65.79 32.89 100 100 74.34 32.89 32.89 0 0 0 0;
led_bas_8 lum 12.5 16 12.5 28.29 50.66 65.79 65.79 65.79 32.89 100 100 74.34 32.89 32.89 0 0 0 0;
led_bas_7 lum 12.5 16 12.5 28.29 50.66 65.79 65.79 65.79 32.89 100 100 74.34 32.89 32.89 0 0 0 0;
moteur_led_bas amplitude 42.31 16 42.31 42.31 43.59 43.59 82.05 82.05 100 100 100 100 100 44.87 0 0 0 0;
moteur_led_bas déphase 64.1 16 64.1 64.1 64.1 64.1 64.1 64.1 64.1 100 64.1 64.1 64.1 64.1 0 0 0 0;
moteur_led_bas dureté 39.74 16 39.74 39.74 47.43 47.43 47.43 19.23 100 100 100 100 100 100 0 0 0 0;
moteur_led_bas vitesse 65.38 16 65.38 65.38 84.61 84.61 38.46 26.92 26.92 100 26.92 26.92 26.92 26.92 0 0 0 0;
