moteur_led_haut amplitude 35.9 16 35.9 35.9 35.9 35.9 89.75 89.75 60.26 100 100 100 100 38.46 0 0 0 0;
moteur_led_haut déphase 62.82 16 62.82 62.82 62.82 62.82 62.82 62.82 100 100 62.82 62.82 62.82 62.82 0 0 0 0;
moteur_led_haut dureté 46.15 16 46.15 46.15 46.15 46.15 46.15 16.67 100 100 100 100 100 100 0 0 0 0;
moteur_led_haut vitesse 61.54 16 61.54 61.54 82.05 82.05 50 24.36 100 100 24.36 24.36 24.36 24.36 0 0 0 0;
led_haut_6 lum 15.13 16 15.13 32.89 51.97 71.71 71.71 71.71 67.11 100 100 69.74 36.84 36.84 0 0 0 0;
led_haut_5 lum 15.13 16 15.13 32.89 51.97 71.71 71.71 71.71 67.11 100 100 69.74 36.84 36.84 0 0 0 0;
led_haut_4 lum 15.13 16 15.13 32.89 51.97 71.71 71.71 71.71 67.11 100 100 69.74 36.84 36.84 0 0 0 0;
led_haut_3 lum 15.13 16 15.13 32.89 51.97 71.71 71.71 71.71 67.11 100 100 69.74 36.84 36.84 0 0 0 0;
led_haut_2 lum 15.13 16 15.13 32.89 51.97 71.71 71.71 71.71 67.11 100 100 69.74 36.84 36.84 0 0 0 0;
led_haut_1 lum 15.13 16 15.13 32.89 51.97 71.71 71.71 71.71 67.11 100 100 69.74 36.84 36.84 0 0 0 0;
