pixel_6 color_3 0 16 0 0 186 0 0 0 0 0 0 0 0 0 0 0 0 0;
pixel_6 color_2 0 16 0 0 45.13 0 0 0 0 0 0 0 0 0 0 0 0 0;
pixel_6 color_1 255 16 0 255 6 0 0 0 0 0 0 0 0 0 0 0 0 0;
pixel_5 color_3 0 16 0 0 186 0 0 0 0 0 0 0 0 0 0 0 0 0;
pixel_5 color_2 0 16 0 0 45.13 0 0 0 0 0 0 0 0 0 0 0 0 0;
pixel_5 color_1 255 16 0 255 6 0 0 0 0 0 0 0 0 0 0 0 0 0;
pixel_4 color_3 0 16 0 0 186 0 0 0 0 0 0 0 0 0 0 0 0 0;
pixel_4 color_2 0 16 0 0 45.13 0 0 0 0 0 0 0 0 0 0 0 0 0;
pixel_4 color_1 255 16 0 255 6 0 0 0 0 0 0 0 0 0 0 0 0 0;
pixel_3 color_3 0 16 0 0 186 0 0 0 0 0 0 0 0 0 0 0 0 0;
pixel_3 color_2 0 16 0 0 45.13 0 0 0 0 0 0 0 0 0 0 0 0 0;
pixel_3 color_1 255 16 0 255 6 0 0 0 0 0 0 0 0 0 0 0 0 0;
pixel_2 color_3 0 16 0 0 186 0 0 0 0 0 0 0 0 0 0 0 0 0;
pixel_2 color_2 0 16 0 0 45.13 0 0 0 0 0 0 0 0 0 0 0 0 0;
pixel_2 color_1 255 16 0 255 6 0 0 0 0 0 0 0 0 0 0 0 0 0;
pixel_1 color_3 0 16 0 0 186 0 0 0 0 0 0 0 0 0 0 0 0 0;
pixel_1 color_2 0 16 0 0 45.13 0 0 0 0 0 0 0 0 0 0 0 0 0;
pixel_1 color_1 255 16 0 255 6 0 0 0 0 0 0 0 0 0 0 0 0 0;
moteur_pixel amplitude 75.37 16 50 75.37 50 0 0 0 0 0 0 0 0 0 0 0 0 0;
moteur_pixel déphase 32.84 16 59.21 32.84 59.21 0 0 0 0 0 0 0 0 0 0 0 0 0;
moteur_pixel dureté 47.49 16 13.16 47.49 13.16 0 0 0 0 0 0 0 0 0 0 0 0 0;
moteur_pixel vitesse 34.01 16 57.89 34.01 57.89 0 0 0 0 0 0 0 0 0 0 0 0 0;
