tourneurs_6 position 66.74 16 2.79 2.79 2.79 2.79 2.79 66.74 66.74 66.74 66.74 66.74 66.74 66.74 66.74 66.74 0 0;
tourneurs_6 mode 0 16 0 0 0 0 0 0 0 0 0 0 0 0 0 0 0 0;
tourneurs_6 speed -88.33 16 0 3.51 -3.42 7.11 -6.23 10.61 -10.44 20.44 -18.86 19.74 32.37 -27.28 89.91 -88.33 0 0;
tourneurs_5 position 66.74 16 2.79 2.79 2.79 2.79 2.79 66.74 66.74 66.74 66.74 66.74 66.74 66.74 66.74 66.74 0 0;
tourneurs_5 mode 0 16 0 0 0 0 0 0 0 0 0 0 0 0 0 0 0 0;
tourneurs_5 speed -88.33 16 0 3.51 -3.42 7.11 -6.23 10.61 -10.44 20.44 -18.86 19.74 32.37 -27.28 89.91 -88.33 0 0;
tourneurs_4 position 66.74 16 2.79 2.79 2.79 2.79 2.79 66.74 66.74 66.74 66.74 66.74 66.74 66.74 66.74 66.74 0 0;
tourneurs_4 mode 0 16 0 0 0 0 0 0 0 0 0 0 0 0 0 0 0 0;
tourneurs_4 speed -88.33 16 0 3.51 -3.42 7.11 -6.23 10.61 -10.44 20.44 -18.86 19.74 32.37 -27.28 89.91 -88.33 0 0;
tourneurs_3 position 66.74 16 2.79 2.79 2.79 2.79 2.79 66.74 66.74 66.74 66.74 66.74 66.74 66.74 66.74 66.74 0 0;
tourneurs_3 mode 0 16 0 0 0 0 0 0 0 0 0 0 0 0 0 0 0 0;
tourneurs_3 speed -88.33 16 0 3.51 -3.42 7.11 -6.23 10.61 -10.44 20.44 -18.86 19.74 32.37 -27.28 89.91 -88.33 0 0;
tourneurs_2 position 66.74 16 2.79 2.79 2.79 2.79 2.79 66.74 66.74 66.74 66.74 66.74 66.74 66.74 66.74 66.74 0 0;
tourneurs_2 mode 0 16 0 0 0 0 0 0 0 0 0 0 0 0 0 0 0 0;
tourneurs_2 speed -88.33 16 0 3.51 -3.42 7.11 -6.23 10.61 -10.44 20.44 -18.86 19.74 32.37 -27.28 89.91 -88.33 0 0;
tourneurs_1 position 66.74 32 2.79 2.79 2.79 2.79 2.79 66.74 66.74 66.74 66.74 66.74 66.74 66.74 66.74 66.74 0 0 0 0 0 0 0 0 0 0 0 0 0 0 0 0 0 0;
tourneurs_1 mode 0 32 0 0 0 0 0 0 0 0 0 0 0 0 0 0 0 0 0 0 0 0 0 0 0 0 0 0 0 0 0 0 0 0;
tourneurs_1 speed -88.33 32 0 3.51 -3.42 7.11 -6.23 10.61 -10.44 20.44 -18.86 19.74 32.37 -27.28 89.91 -88.33 0 0 0 0 0 0 0 0 0 0 0 0 0 0 0 0 0 0;
